url_path,views_total,views_unique
/vladdoster/remember.nvim,15,11
/vladdoster/remember.nvim/blob/master/doc/remember.txt,4,3
/vladdoster/remember.nvim/blob/master/README.md,2,1
/vladdoster/remember.nvim/blob/master/CHANGELOG.md,1,1
/vladdoster/remember.nvim/edit/master/README.md,1,1
/vladdoster/remember.nvim/issues,1,1
/vladdoster/remember.nvim/issues/6,1,1
/vladdoster/remember.nvim/pulls,1,1
